2 1533.694
4 786.825
6 541.347
8 380.924
10 360.168
12 386.207
14 356.092
16 290.738
18 288.787
20 277.366
22 220.268
24 221.231
2 1517.818
4 787.258
6 555.234
8 383.081
10 350.330
12 290.585
14 347.806
16 290.976
18 288.424
20 277.680
22 220.496
24 225.824
2 1522.501
4 786.925
6 551.207
8 381.409
10 341.387
12 350.464
14 351.852
16 293.432
18 286.899
20 277.639
22 228.064
24 219.884
2 1518.199
4 789.468
6 552.792
8 381.380
10 339.373
12 290.211
14 354.138
16 290.627
18 288.158
20 277.695
22 221.378
24 228.252
2 1545.091
4 773.675
6 527.727
8 402.667
10 340.428
12 291.707
14 348.684
16 290.819
18 287.275
20 277.387
22 219.738
24 220.515
2 1526.780
4 773.345
6 528.755
8 383.972
10 340.714
12 290.462
14 355.976
16 290.525
18 289.204
20 280.183
22 220.054
24 223.600
2 1517.634
4 787.503
6 553.328
8 385.265
10 340.520
12 332.056
14 356.388
16 293.964
18 283.613
20 277.331
22 220.548
24 222.161
2 1517.825
4 815.493
6 554.083
8 397.293
10 354.007
12 340.547
14 354.474
16 291.088
18 289.185
20 278.423
22 219.617
24 225.505
2 1535.721
4 789.681
6 556.362
8 386.486
10 353.401
12 299.038
14 362.878
16 291.116
18 287.864
20 280.628
22 219.744
24 227.166
2 1517.516
4 815.287
6 527.942
8 381.193
10 361.273
12 292.040
14 357.090
16 290.655
18 285.430
20 277.562
22 219.305
24 222.083
