2 1848.600
4 915.186
6 603.144
8 468.570
10 374.757
12 316.760
14 293.935
16 276.985
18 258.896
20 241.834
22 229.273
24 221.002
2 1767.596
4 919.653
6 601.675
8 454.140
10 365.776
12 319.278
14 294.356
16 276.913
18 259.768
20 247.068
22 229.802
24 219.699
2 1834.533
4 909.323
6 621.007
8 462.029
10 369.350
12 328.951
14 291.156
16 276.781
18 258.920
20 244.984
22 227.759
24 218.720
2 1829.424
4 929.836
6 623.213
8 455.522
10 367.096
12 318.468
14 300.902
16 277.270
18 260.432
20 244.401
22 232.539
24 318.563
2 1831.862
4 928.231
6 621.861
8 455.306
10 370.641
12 329.786
14 298.482
16 277.451
18 260.234
20 243.580
22 229.002
24 221.152
2 1826.729
4 914.829
6 616.580
8 468.409
10 384.305
12 307.817
14 290.645
16 280.828
18 258.349
20 244.614
22 228.933
24 224.327
2 1839.708
4 927.542
6 609.245
8 465.131
10 366.248
12 307.390
14 294.360
16 274.915
18 258.398
20 244.491
22 232.398
24 220.507
2 1842.692
4 934.184
6 621.852
8 471.795
10 383.563
12 312.932
14 293.622
16 278.288
18 257.979
20 244.300
22 230.157
24 218.701
2 1796.809
4 919.055
6 621.816
8 466.449
10 376.777
12 307.886
14 292.423
16 277.808
18 258.947
20 246.966
22 229.079
24 221.230
2 1822.871
4 923.928
6 603.870
8 470.833
10 378.612
12 319.643
14 293.134
16 280.734
18 258.820
20 242.812
22 229.232
24 223.647
