2 621.058
4 568.166
6 462.672
8 379.712
10 329.744
12 277.889
14 263.077
16 266.911
18 224.831
20 253.687
22 207.618
24 215.996
2 623.938
4 578.480
6 467.330
8 371.319
10 328.271
12 305.476
14 296.700
16 239.739
18 225.430
20 274.613
22 198.144
24 189.654
2 602.247
4 567.752
6 460.106
8 373.837
10 329.100
12 276.805
14 274.835
16 247.841
18 264.088
20 256.333
22 216.918
24 197.192
2 599.577
4 559.821
6 470.688
8 365.736
10 324.586
12 277.071
14 247.298
16 263.404
18 249.891
20 253.838
22 192.223
24 209.037
2 616.951
4 577.579
6 468.396
8 372.722
10 324.712
12 286.485
14 272.857
16 266.296
18 225.490
20 253.468
22 209.920
24 205.785
2 602.209
4 566.697
6 467.517
8 367.097
10 325.157
12 281.842
14 277.445
16 254.102
18 271.956
20 268.881
22 207.940
24 211.275
2 599.457
4 571.361
6 473.250
8 365.795
10 324.607
12 277.089
14 277.708
16 281.976
18 259.616
20 236.159
22 208.799
24 208.676
2 601.728
4 561.726
6 488.811
8 370.358
10 325.452
12 289.757
14 262.561
16 268.828
18 274.527
20 257.420
22 207.531
24 209.237
2 599.230
4 555.506
6 486.738
8 367.131
10 324.586
12 278.424
14 267.344
16 269.057
18 251.477
20 249.326
22 202.095
24 197.958
2 602.673
4 572.927
6 467.588
8 366.157
10 324.951
12 326.984
14 270.458
16 264.496
18 259.406
20 264.589
22 209.472
24 282.758
