2 1227.549
4 633.624
6 445.394
8 303.703
10 243.134
12 328.082
14 282.335
16 247.841
18 220.201
20 198.405
22 187.901
24 281.283
2 1239.447
4 617.252
6 431.668
8 338.880
10 244.368
12 260.850
14 297.719
16 248.637
18 220.107
20 198.306
22 180.340
24 166.783
2 1205.982
4 633.804
6 446.119
8 314.187
10 288.292
12 204.881
14 281.295
16 248.883
18 219.749
20 198.509
22 180.761
24 169.156
2 1236.752
4 633.673
6 432.734
8 306.375
10 270.241
12 305.998
14 281.725
16 248.587
18 220.243
20 198.707
22 181.629
24 166.742
2 1207.034
4 612.342
6 431.912
8 307.832
10 264.663
12 221.487
14 291.086
16 248.331
18 219.880
20 198.489
22 181.247
24 174.349
2 1231.104
4 634.434
6 444.371
8 330.511
10 248.552
12 204.420
14 284.097
16 248.713
18 222.920
20 199.198
22 180.591
24 169.604
2 1206.431
4 635.209
6 431.067
8 304.385
10 277.992
12 205.274
14 281.568
16 248.414
18 219.962
20 198.540
22 183.813
24 168.566
2 1206.071
4 661.039
6 440.652
8 308.805
10 260.397
12 203.791
14 282.010
16 248.462
18 220.349
20 198.866
22 181.439
24 169.451
2 1213.502
4 634.630
6 418.902
8 314.984
10 269.270
12 326.795
14 283.911
16 248.298
18 219.500
20 198.668
22 181.546
24 168.618
2 1235.769
4 621.626
6 417.332
8 310.460
10 243.420
12 206.556
14 280.897
16 248.479
18 232.429
20 198.690
22 180.706
24 169.592
