2 1239.889
4 621.433
6 451.883
8 362.814
10 268.404
12 205.804
14 281.702
16 253.728
18 223.206
20 198.644
22 180.666
24 168.919
2 1210.250
4 659.732
6 450.151
8 315.590
10 247.112
12 274.216
14 281.606
16 248.499
18 220.029
20 203.842
22 192.988
24 170.210
2 1220.247
4 651.898
6 434.915
8 305.144
10 251.673
12 203.925
14 281.648
16 248.489
18 219.972
20 198.601
22 180.031
24 167.867
2 1208.976
4 633.750
6 432.632
8 330.069
10 257.749
12 328.476
14 281.915
16 248.137
18 220.615
20 198.269
22 181.729
24 168.542
2 1209.563
4 630.386
6 432.560
8 313.259
10 243.101
12 287.872
14 282.105
16 248.103
18 219.856
20 198.692
22 180.875
24 169.434
2 1209.527
4 607.800
6 426.451
8 306.963
10 243.715
12 204.065
14 284.494
16 248.460
18 219.711
20 198.194
22 180.685
24 171.450
2 1210.657
4 633.003
6 426.235
8 331.259
10 254.755
12 204.403
14 282.090
16 248.081
18 219.643
20 198.962
22 181.742
24 168.964
2 1206.409
4 632.954
6 413.506
8 304.365
10 244.280
12 229.299
14 281.806
16 247.798
18 219.897
20 198.121
22 181.107
24 166.787
2 1212.172
4 636.047
6 426.592
8 303.436
10 259.608
12 323.500
14 281.427
16 248.520
18 219.384
20 198.435
22 181.646
24 169.944
2 1205.953
4 632.811
6 434.880
8 347.323
10 256.547
12 211.413
14 284.898
16 248.793
18 220.299
20 198.429
22 180.506
24 169.875
