2 280.380
4 230.666
6 228.129
8 231.582
10 211.399
12 240.640
14 234.340
16 285.137
18 299.714
20 266.946
22 271.413
24 284.573
2 259.806
4 241.952
6 224.382
8 219.596
10 216.740
12 210.177
14 225.351
16 245.935
18 276.972
20 308.640
22 237.525
24 309.554
2 260.927
4 247.018
6 241.927
8 216.615
10 212.052
12 244.295
14 211.777
16 234.380
18 284.911
20 285.223
22 279.112
24 287.506
2 266.923
4 243.484
6 216.153
8 213.990
10 245.235
12 245.624
14 247.157
16 262.402
18 284.821
20 285.728
22 281.878
24 283.454
2 259.151
4 235.393
6 223.410
8 217.879
10 237.648
12 215.340
14 223.731
16 251.709
18 273.206
20 250.580
22 285.291
24 301.779
2 261.791
4 234.595
6 223.635
8 220.729
10 212.021
12 239.715
14 286.264
16 276.563
18 294.111
20 303.478
22 281.130
24 302.172
2 280.579
4 248.909
6 223.411
8 219.050
10 215.417
12 213.774
14 238.820
16 249.566
18 257.936
20 285.022
22 284.621
24 283.415
2 259.291
4 237.966
6 241.804
8 215.612
10 214.837
12 241.055
14 241.758
16 260.888
18 251.148
20 277.601
22 296.482
24 307.257
2 259.859
4 242.986
6 241.994
8 230.563
10 216.301
12 214.466
14 223.798
16 267.891
18 248.363
20 285.758
22 298.579
24 299.444
2 264.289
4 237.977
6 222.411
8 216.428
10 212.080
12 234.122
14 266.433
16 273.084
18 287.571
20 293.402
22 283.156
24 324.483
2 265.034
4 247.095
6 241.952
8 219.424
10 211.849
12 210.827
14 