2 1539.560
4 794.189
6 543.956
8 417.603
10 321.962
12 271.246
14 340.281
16 292.842
18 273.100
20 239.925
22 219.362
24 203.585
2 1536.868
4 794.366
6 542.596
8 387.382
10 314.734
12 266.841
14 344.319
16 293.376
18 271.215
20 238.975
22 221.046
24 437.725
2 1555.799
4 788.407
6 531.446
8 409.480
10 315.926
12 266.869
14 340.166
16 293.243
18 272.507
20 239.344
22 220.731
24 205.476
2 1534.155
4 775.187
6 539.995
8 406.125
10 320.745
12 267.108
14 340.811
16 292.923
18 271.686
20 238.622
22 220.436
24 208.485
2 1534.844
4 766.397
6 539.728
8 403.683
10 332.091
12 329.096
14 342.755
16 293.219
18 271.666
20 239.764
22 221.258
24 204.796
2 1540.341
4 788.175
6 525.370
8 385.640
10 315.973
12 332.916
14 335.860
16 293.786
18 271.479
20 242.397
22 221.579
24 205.332
2 1532.407
4 793.837
6 545.358
8 406.123
10 317.103
12 266.082
14 335.946
16 296.040
18 272.967
20 239.184
22 220.519
24 208.719
2 1531.485
4 789.598
6 551.306
8 386.669
10 315.742
12 344.257
14 343.062
16 293.434
18 271.422
20 239.665
22 220.254
24 202.561
2 1555.857
4 793.708
6 563.595
8 413.166
10 315.410
12 328.864
14 337.841
16 292.927
18 272.450
20 239.426
22 220.678
24 204.159
2 1532.998
4 780.644
6 529.010
8 384.101
10 314.670
12 330.109
14 340.137
16 293.457
18 273.607
20 239.447
22 221.355
24 205.758
