16 compute_pixel_naif -n -s 1024 -i 100 -v 8 : 
5.892
5.928
5.915
5.909
5.891
5.894
5.896
5.901
5.896
5.893
5.899
5.905
5.896
5.890
5.921
5.898
5.893
5.907
5.901
5.901
32 compute_pixel_naif -n -s 1024 -i 100 -v 8 : 
6.179
6.189
6.182
6.186
6.187
6.186
6.181
6.189
6.181
6.183
6.185
6.179
6.184
6.186
6.182
6.183
6.182
6.178
6.183
6.187
16 compute_pixel_tuile -n -s 1024 -i 100 -v 8 : 
7.463
7.465
7.466
7.479
7.467
7.463
7.465
7.471
7.458
7.468
7.469
7.480
7.474
7.466
7.459
7.454
7.480
7.481
7.311
7.322
32 compute_pixel_tuile -n -s 1024 -i 100 -v 8 : 
7.166
7.198
7.215
7.204
7.214
7.204
7.198
7.217
7.210
7.200
7.157
7.214
7.221
7.207
7.196
7.215
7.202
7.219
7.210
7.207
