16 compute_pixel_naif -n -s 1024 -i 10000 -v 8 : 
571.933
553.141
551.240
551.269
551.832
551.866
551.950
561.323
550.983
551.580
552.161
550.921
551.974
552.404
551.665
551.441
550.998
551.342
550.997
552.478
32 compute_pixel_naif -n -s 1024 -i 10000 -v 8 : 
565.963
570.473
570.676
564.759
564.777
590.585
564.821
563.692
563.443
564.250
564.064
563.431
563.647
582.363
610.500
563.881
582.918
567.833
587.282
579.456
16 compute_pixel_tuile -n -s 1024 -i 10000 -v 8 : 
666.703
667.968
667.513
667.518
667.829
667.153
667.707
667.586
668.194
666.258
667.802
667.120
668.385
668.371
668.644
668.974
668.671
668.627
668.424
668.921
32 compute_pixel_tuile -n -s 1024 -i 10000 -v 8 : 
661.516
662.873
663.656
663.525
663.319
663.377
662.882
663.559
663.869
663.081
663.106
663.232
661.816
662.796
662.928
663.222
663.542
663.473
661.724
662.976
