16 compute_pixel_naif -n -s 1024 -i 1000 -v 8 : 
60.255
59.598
60.015
59.477
60.092
60.195
59.551
59.559
59.889
59.613
59.546
59.119
57.330
58.051
58.318
57.586
57.628
57.353
57.778
57.576
32 compute_pixel_naif -n -s 1024 -i 1000 -v 8 : 
58.721
58.310
58.981
58.002
58.282
58.308
58.317
58.398
58.279
58.195
58.347
58.485
58.190
58.082
58.324
58.326
58.382
58.684
58.113
58.359
16 compute_pixel_tuile -n -s 1024 -i 1000 -v 8 : 
77.347
69.315
69.360
69.173
69.509
69.534
69.350
68.997
69.037
69.470
69.033
69.351
69.233
68.953
69.124
69.603
69.260
69.019
69.032
69.417
32 compute_pixel_tuile -n -s 1024 -i 1000 -v 8 : 
68.151
68.001
68.704
68.822
68.767
68.333
68.493
68.942
68.332
68.809
68.519
68.548
68.488
68.386
68.434
68.590
68.615
68.435
69.123
68.647
