16 compute_pixel_naif -n -s 256 -i 10000 -v 8 : 
49.819
49.952
49.752
49.740
49.743
49.873
53.779
50.868
42.167
43.412
44.614
41.061
43.649
42.695
41.153
41.964
41.004
42.141
41.796
41.743
32 compute_pixel_naif -n -s 256 -i 10000 -v 8 : 
42.659
42.686
42.661
65.390
42.669
44.341
42.593
42.864
42.609
42.645
42.849
42.735
42.762
42.935
42.824
43.036
42.756
42.662
42.753
42.589
16 compute_pixel_tuile -n -s 256 -i 10000 -v 8 : 
43.946
43.712
43.778
43.950
43.754
43.852
43.908
43.660
43.587
43.801
43.781
50.188
50.132
50.099
50.405
50.112
45.277
45.432
45.386
45.434
32 compute_pixel_tuile -n -s 256 -i 10000 -v 8 : 
46.008
46.305
46.155
44.504
44.320
44.583
44.716
44.499
44.433
44.495
44.436
44.428
44.426
44.359
44.247
49.490
44.350
44.388
44.356
44.232
