2 4695.019
4 2394.593
6 1627.321
8 1246.521
10 1051.854
12 911.687
14 894.725
16 847.486
18 765.571
20 714.883
22 696.231
24 716.556
2 4686.083
4 2378.328
6 1610.450
8 1248.292
10 1046.152
12 866.907
14 898.273
16 845.457
18 740.884
20 721.269
22 704.159
24 708.796
2 4693.404
4 2373.720
6 1601.340
8 1247.793
10 1039.725
12 870.438
14 895.517
16 846.374
18 730.424
20 721.478
22 700.084
24 716.751
2 4692.397
4 2391.391
6 1619.922
8 1244.274
10 1057.629
12 892.817
14 894.962
16 845.421
18 733.127
20 717.603
22 697.398
24 739.969
2 4688.103
4 2381.465
6 1622.914
8 1247.653
10 1046.370
12 893.374
14 895.751
16 848.174
18 731.465
20 718.358
22 708.262
24 698.502
2 4690.435
4 2394.773
6 1599.547
8 1246.618
10 1053.718
12 876.315
14 892.828
16 845.798
18 740.854
20 715.461
22 706.618
24 911.175
2 4689.715
4 2386.811
6 1623.201
8 1254.594
10 1046.461
12 867.488
14 896.002
16 847.699
18 736.344
20 717.293
22 697.162
24 702.047
2 4693.635
4 2411.946
6 1623.986
8 1257.987
10 1054.777
12 896.732
14 894.446
16 868.436
18 732.826
20 715.424
22 695.508
24 697.041
2 4683.738
4 2374.058
6 1607.013
8 1257.574
10 1046.032
12 875.873
14 899.277
16 846.740
18 734.016
20 721.036
22 696.641
24 698.640
2 4694.434
4 2372.054
6 1625.715
8 1252.850
10 1053.418
12 899.454
14 894.365
16 845.414
18 729.823
20 718.356
22 721.144
24 719.840
