2 4417.794
4 4451.551
6 4211.555
8 3881.971
10 3421.107
12 3436.743
14 3721.171
16 3616.348
18 3121.463
20 3112.272
22 3021.031
24 2905.097
2 4415.150
4 4416.343
6 4194.812
8 3884.161
10 3439.175
12 3475.443
14 3470.279
16 3387.433
18 3565.695
20 3024.047
22 2982.421
24 2817.935
2 4418.181
4 4429.477
6 4195.595
8 3872.294
10 3443.658
12 3445.384
14 3454.772
16 3698.099
18 3137.536
20 3168.071
22 3058.795
24 2933.209
2 4408.841
4 4427.490
6 4203.802
8 3870.257
10 3442.369
12 3443.240
14 4129.915
16 3217.072
18 3493.994
20 3153.928
22 2914.750
24 2796.194
2 4433.475
4 4430.643
6 4207.638
8 3875.097
10 3436.916
12 3435.764
14 4140.084
16 3651.862
18 3527.510
20 3140.387
22 3045.983
24 2966.176
2 4416.605
4 4408.894
6 4191.463
8 3868.061
10 3421.641
12 3453.413
14 3478.436
16 3649.776
18 3422.864
20 3131.152
22 3021.669
24 2771.724
2 4419.001
4 4402.328
6 4199.093
8 3864.885
10 3447.973
12 3492.666
14 3530.347
16 3685.581
18 3339.002
20 3045.497
22 3047.553
24 2935.047
2 4413.694
4 4429.731
6 4199.655
8 3873.909
10 3434.502
12 3439.145
14 3466.586
16 3315.411
18 3542.650
20 3170.520
22 3015.755
24 2800.318
2 4412.341
4 4413.618
6 4219.569
8 3867.640
10 3435.451
12 3450.642
14 3438.067
16 3687.990
18 3482.374
20 3013.534
22 2994.891
24 2972.839