2 122.931
4 123.797
6 118.315
8 117.990
10 117.850
12 113.706
14 130.947
16 114.736
18 117.274
20 136.412
22 135.054
24 138.303
2 151.072
4 119.903
6 118.687
8 117.885
10 117.435
12 127.353
14 134.684
16 119.274
18 136.496
20 135.546
22 136.294
24 140.753
2 125.039
4 135.392
6 120.177
8 118.410
10 122.075
12 116.081
14 137.134
16 138.479
18 136.268
20 137.559
22 136.029
24 251.663
2 147.493
4 137.199
6 121.767
8 118.052
10 117.858
12 135.232
14 139.821
16 146.278
18 137.275
20 122.344
22 136.895
24 139.152
2 149.217
4 146.418
6 128.827
8 131.532
10 118.374
12 113.679
14 131.846
16 141.245
18 135.684
20 136.904
22 135.955
24 136.075
2 144.257
4 147.316
6 131.684
8 122.911
10 118.196
12 123.123
14 126.868
16 137.019
18 135.058
20 135.412
22 136.316
24 137.171
2 124.629
4 127.838
6 120.054
8 134.366
10 117.429
12 124.439
14 130.777
16 137.461
18 122.322
20 134.893
22 135.865
24 138.480
2 123.957
4 128.948
6 144.253
8 118.319
10 120.471
12 121.189
14 127.363
16 123.021
18 122.261
20 136.689
22 135.009
24 146.393
2 126.002
4 136.122
6 120.377
8 144.175
10 130.679
12 114.535
14 132.458
16 146.004
18 135.996
20 135.402
22 137.779
24 138.127
2 128.191
4 141.358
6 126.377
8 123.712
10 117.611
12 113.699
14 133.648
16 142.917
18 138.047
20 134.611
22 136.802
24 138.975
