2 1646.791
4 872.598
6 565.307
8 434.282
10 343.963
12 292.765
14 279.478
16 266.427
18 257.629
20 245.611
22 236.724
24 235.243
2 1633.266
4 839.274
6 571.728
8 431.744
10 344.652
12 297.693
14 279.315
16 267.673
18 255.872
20 244.569
22 237.577
24 264.585
2 1633.193
4 854.808
6 574.380
8 426.303
10 349.297
12 292.913
14 278.656
16 267.670
18 255.503
20 247.948
22 238.744
24 232.451
2 1630.118
4 866.500
6 580.149
8 434.886
10 344.419
12 300.256
14 282.325
16 268.087
18 255.916
20 246.976
22 240.178
24 280.345
2 1630.209
4 865.759
6 574.184
8 449.711
10 345.645
12 292.720
14 279.420
16 270.997
18 259.707
20 245.978
22 236.162
24 233.498
2 1630.226
4 847.066
6 570.439
8 426.864
10 345.177
12 297.782
14 281.882
16 267.183
18 256.386
20 244.850
22 237.647
24 234.753
2 1647.107
4 863.883
6 577.841
8 440.557
10 349.673
12 305.606
14 278.612
16 267.625
18 257.759
20 246.530
22 236.671
24 244.508
2 1633.018
4 865.046
6 576.658
8 445.714
10 361.615
12 292.947
14 279.282
16 267.487
18 256.838
20 246.085
22 241.108
24 237.407
2 1629.606
4 864.959
6 564.290
8 433.402
10 360.006
12 298.566
14 283.870
16 267.207
18 256.146
20 244.580
22 240.561
24 233.442
2 1629.236
4 866.460
6 583.979
8 440.429
10 348.139
12 292.843
14 279.389
16 268.138
18 257.193
20 245.432
22 236.989
24 235.047
