2 1220.326
4 616.088
6 404.379
8 309.195
10 243.612
12 203.067
14 281.215
16 248.591
18 220.062
20 198.675
22 185.030
24 320.635
2 1238.025
4 660.172
6 433.452
8 348.086
10 261.026
12 203.829
14 282.154
16 248.790
18 220.030
20 198.302
22 180.638
24 168.459
2 1205.662
4 638.823
6 450.032
8 331.962
10 248.585
12 203.870
14 281.049
16 247.862
18 220.428
20 198.541
22 181.306
24 166.306
2 1206.929
4 635.112
6 433.890
8 304.637
10 270.578
12 255.681
14 281.261
16 249.418
18 220.707
20 199.179
22 181.626
24 167.256
2 1205.876
4 623.855
6 431.322
8 330.995
10 244.565
12 205.887
14 280.750
16 250.925
18 219.452
20 198.377
22 180.678
24 173.276
2 1209.817
4 638.067
6 419.915
8 331.533
10 257.913
12 206.366
14 281.592
16 248.589
18 223.598
20 198.581
22 181.213
24 169.238
2 1211.080
4 648.215
6 432.625
8 307.670
10 258.785
12 225.404
14 282.229
16 248.413
18 219.873
20 198.528
22 185.049
24 169.870
2 1208.103
4 658.484
6 431.414
8 332.373
10 252.273
12 324.816
14 281.196
16 248.411
18 220.139
20 198.244
22 181.313
24 175.966
2 1206.814
4 634.691
6 432.329
8 326.709
10 250.590
12 205.468
14 288.900
16 247.834
18 220.791
20 198.437
22 180.386
24 169.254
2 1235.525
4 633.217
6 406.412
8 325.223
10 244.365
12 203.660
14 282.440
16 248.049
18 225.346
20 206.589
22 181.593
24 169.768
