2 275.951
4 272.284
6 258.404
8 232.486
10 226.044
12 209.830
14 249.259
16 221.584
18 221.842
20 193.587
22 191.483
24 175.886
2 272.626
4 272.065
6 254.579
8 233.066
10 209.757
12 212.423
14 251.561
16 217.083
18 240.600
20 203.755
22 181.305
24 188.142
2 249.157
4 272.251
6 246.328
8 233.208
10 211.265
12 209.834
14 224.496
16 225.941
18 207.951
20 182.748
22 188.216
24 226.541
2 249.772
4 267.493
6 258.533
8 233.984
10 234.508
12 216.386
14 250.243
16 237.100
18 219.741
20 204.427
22 188.175
24 178.845
2 273.472
4 272.694
6 257.105
8 232.439
10 209.552
12 209.513
14 232.277
16 223.399
18 243.108
20 203.513
22 187.806
24 182.326
2 253.531
4 259.810
6 258.156
8 233.875
10 210.084
12 210.355
14 240.435
16 207.606
18 243.400
20 206.487
22 188.021
24 183.510
2 249.003
4 272.785
6 246.744
8 237.595
10 209.603
12 245.179
14 239.772
16 233.814
18 206.882
20 206.223
22 188.254
24 177.445
2 258.049
4 275.468
6 267.069
8 233.340
10 218.461
12 209.460
14 247.302
16 252.552
18 215.633
20 205.623
22 183.023
24 175.021
2 248.894
4 258.786
6 271.603
8 240.213
10 235.711
12 210.010
14 242.643
16 223.384
18 202.571
20 203.381
22 188.733
24 174.354
2 250.184
4 256.127
6 252.168
8 246.222
10 209.376
12 209.498
14 239.539
16 220.567
18 233.861
20 203.566
22 186.849
24 172.679
