2 1324.892
4 759.972
6 504.115
8 388.521
10 406.983
12 774.913
14 888.737
16 986.941
18 1136.535
20 1204.284
22 1358.372
24 1672.895
2 1374.549
4 751.538
6 507.426
8 384.996
10 411.863
12 720.632
14 884.697
16 1011.362
18 1153.556
20 1226.322
22 1353.848
24 1436.748
2 1361.130
4 752.691
6 506.232
8 404.001
10 380.626
12 777.617
14 896.029
16 1046.111
18 1138.256
20 1225.876
22 1346.385
24 1398.807
2 1363.737
4 738.619
6 503.945
8 385.931
10 378.780
12 783.858
14 909.541
16 981.846
18 1129.339
20 1249.530
22 1358.201
24 1652.497
2 1350.906
4 742.170
6 513.653
8 400.403
10 423.172
12 716.265
14 904.910
16 1017.633
18 1119.761
20 1213.099
22 1273.525
24 1400.464
2 1361.303
4 743.120
6 498.753
8 392.027
10 444.831
12 702.734
14 869.926
16 1007.140
18 1137.578
20 1217.821
22 1368.445
24 1465.618
2 1369.386
4 752.504
6 502.267
8 385.257
10 373.780
12 783.518
14 904.093
16 1027.876
18 1131.284
20 1256.830
22 1345.283
24 1424.499
2 1369.957
4 750.717
6 513.787
8 397.857
10 377.899
12 746.779
14 912.943
16 1036.621
18 1153.745
20 1252.285
22 1357.413
24 1569.918
2 1369.362
4 745.764
6 508.111
8 386.032
10 399.428
12 785.430
14 906.206
16 1005.476
18 1135.567
20 1253.637
22 1352.085
24 1462.362
2 1370.167
4 749.363
6 497.356
8 388.063
10 378.785
12 789.254
14 910.702
16 1032.835
18 1114.814
20 1243.195
22 1305.522
24 1418.259
