2 2227.378
4 2251.596
6 2225.610
8 2206.035
10 2128.621
12 2024.445
14 2074.341
16 2074.253
18 2103.644
20 2258.725
22 2292.658
24 2614.312
2 2222.749
4 2229.780
6 2201.542
8 2206.091
10 2135.926
12 1937.842
14 2187.460
16 2111.532
18 2213.147
20 2255.988
22 2299.138
24 2334.587
2 2244.073
4 2227.444
6 2206.420
8 2186.131
10 2134.535
12 2023.869
14 2151.855
16 2188.411
18 2126.963
20 2269.059
22 2287.753
24 2238.092
2 2224.615
4 2244.069
6 2195.286
8 2195.462
10 2121.768
12 1943.010
14 2225.022
16 2170.642
18 2116.328
20 2247.690
22 2251.401
24 2257.786
2 2232.963
4 2209.910
6 2208.780
8 2184.587
10 2133.671
12 1981.487
14 2025.517
16 2234.156
18 2230.144
20 2249.550
22 2240.274
24 2275.095
2 2219.528
4 2225.831
6 2196.858
8 2212.258
10 2169.251
12 1941.738
14 2038.836
16 2090.347
18 2195.448
20 2242.847
22 2285.325
24 2460.520
2 2220.534
4 2230.761
6 2210.980
8 2201.532
10 2117.816
12 1954.495
14 2010.078
16 2085.986
18 2199.413
20 2254.703
22 2313.071
24 2509.229
2 2227.308
4 2268.166
6 2208.370
8 2215.283
10 2136.973
12 1965.295
14 2130.209
16 2077.847
18 2197.169
20 2262.176
22 2233.182
24 2416.395
2 2221.913
4 2270.736
6 2211.210
8 2200.544
10 2122.481
12 1935.572
14 1976.892
16 2051.522
18 2172.502
20 2258.069
22 2308.624
24 2251.000
2 2223.073
4 2202.301
6 2202.297
8 2204.476
10 2132.673
12 2200.739
14 2063.382
16 2079.991
18 2175.935
20 2273.726
22 2245.409
24 2285.656
