2 31053.517
4 18555.665
6 16581.160
8 15873.432
10 14878.910
12 14977.506
14 13711.613
16 12109.144
18 10836.997
20 10872.463
22 9640.525
24 8909.983
2 30917.255
4 17619.634
6 16103.026
8 15189.504
10 14318.871
12 14646.726
14 13718.777
16 11594.492
18 11628.085
20 10411.701
22 9584.242
24 9136.327
2 30849.170
4 18030.797
6 16578.330
8 15052.857
10 14681.838
12 14959.253
14 13653.053
16 11707.809
18 10588.106
20 10535.781
22 9801.502
24 9150.718
2 30414.928
4 18413.277
6 16645.697
8 14904.264
10 14930.435
12 15170.554
14 13743.350
16 12309.546
18 11467.343
20 9762.451
22 9840.233
24 9244.353
2 30976.532
4 18299.839
6 16914.327
8 14730.914
10 14822.166
12 15091.830
14 13748.201
16 12053.333
18 11376.447
20 10499.436
22 9857.034
24 9107.891
2 31256.329
4 18022.763
6 17160.871
8 15066.388
10 14593.572
12 15125.801
14 13148.399
16 11891.854
18 11369.696
20 10842.804
22 9655.078
24 9653.758
2 30953.856
4 18076.021
6 16480.777
8 15163.187
10 15116.581
12 14360.114
14 13789.567
16 11605.600
18 11240.535
20 10913.468
22 9740.059
24 9118.672
2 30868.153
4 18413.828
6 16157.232
8 15514.206
10 14238.601
12 15086.403
14 13188.190
16 12484.746
18 10783.617
20 10647.574
22 9069.347
24 9434.714
2 30580.040
4 18414.583
6 17001.239
8 14816.226
10 14878.276
12 15114.184
14 13632.099
16 12071.422
18 11332.658
20 10667.169
22 9760.815
24 9085.207
2 31317.416
4 18437.216
6 16714.368
8 14935.529
10 14809.200
12 14675.635
14 13756.234
16 12077.323
18 10876.196
20 10744.762
22 9722.010
24 9210.405
