2 6351.385
4 3233.603
6 2179.006
8 1630.868
10 1333.113
12 1136.654
14 1087.976
16 1058.243
18 1031.421
20 1010.394
22 1004.600
24 1120.690
2 6356.844
4 3254.009
6 2178.320
8 1643.425
10 1331.982
12 1156.273
14 1092.528
16 1085.901
18 1039.126
20 1035.886
22 934.079
24 951.835
2 6386.142
4 3229.374
6 2187.362
8 1634.445
10 1349.480
12 1160.334
14 1090.901
16 1082.014
18 1043.178
20 958.033
22 1007.972
24 948.252
2 6355.280
4 3233.408
6 2184.255
8 1643.047
10 1329.065
12 1147.579
14 1090.842
16 1062.214
18 1010.706
20 987.044
22 947.704
24 1111.914
2 6353.052
4 3247.616
6 2172.528
8 1642.954
10 1323.083
12 1141.859
14 1094.578
16 1056.159
18 1021.472
20 1030.747
22 999.170
24 953.038
2 6353.374
4 3243.415
6 2181.563
8 1650.111
10 1337.101
12 1159.460
14 1088.342
16 1083.483
18 1007.915
20 984.562
22 922.683
24 959.500
2 6350.338
4 3239.077
6 2174.612
8 1636.803
10 1333.684
12 1154.354
14 1081.661
16 1047.987
18 1017.913
20 1021.689
22 1016.023
24 1120.101
2 6349.345
4 3255.737
6 2165.711
8 1644.256
10 1326.982
12 1130.769
14 1093.464
16 1090.856
18 1003.555
20 1026.992
22 916.381
24 950.972
2 6339.187
4 3250.421
6 2195.990
8 1649.010
10 1340.815
12 1155.795
14 1100.767
16 1085.481
18 1009.499
20 958.060
22 1002.352
24 969.744
2 6353.343
4 3248.491
6 2168.564
8 1644.161
10 1329.536
12 1150.909
14 1112.098
16 1082.542
18 1017.317
20 955.872
22 935.034
24 1123.323
