2 33989.775
4 21127.954
6 21666.383
8 17859.851
10 18826.108
12 20540.037
14 19676.782
16 24289.405
2 39652.233
4 19576.984
6 21344.929
8 17762.595
10 20343.166
12 22582.455
14 20950.848
16 19626.512
2 38964.146
4 19182.522
6 21426.496
8 18531.432
10 22686.894
12 20774.290
14 19860.922
16 22480.527
2 40751.719
4 19073.616
6 21099.747
8 22467.683
10 19230.722
12 22340.417
14 21478.871
16 19562.704
2 38597.845
4 20243.167
6 21786.614
8 17691.263
10 21473.333
12 19519.499
14 21935.919
16 22952.013
2 40213.102
4 20361.684
6 20752.818
8 22681.092
10 18917.636
12 24059.574
14 22435.889
16 21755.022
2 38539.195
4 20048.595
6 21992.432
8 19804.160
10 21002.794
12 21967.067
14 22199.068
16 24126.875
2 39739.160
4 20695.711
6 21580.804
8 19560.667
10 20645.908
12 19841.075
14 24644.905
16 19700.927
2 39330.188
4 20778.418
6 22129.857
8 21898.697
10 23444.650
12 19894.955
14 24191.440
16 19796.228
2 39172.079
4 19887.534
6 24307.199
8 19051.251
10 23357.797
12 19691.636
14 24276.029
16 24041.728
