2 1781.085
4 966.286
6 766.813
8 581.342
10 511.546
12 462.029
14 441.672
16 415.446
18 391.573
20 383.150
22 365.521
24 350.390
2 1792.368
4 976.772
6 714.489
8 588.822
10 502.412
12 459.000
14 435.436
16 413.230
18 400.032
20 380.019
22 367.533
24 357.910
2 1774.106
4 978.489
6 712.618
8 575.678
10 509.833
12 458.430
14 437.697
16 414.260
18 400.757
20 380.113
22 367.014
24 341.606
2 1770.673
4 977.602
6 717.017
8 575.458
10 514.817
12 465.910
14 435.181
16 414.842
18 400.310
20 379.718
22 360.828
24 360.548
2 1816.433
4 965.450
6 723.670
8 595.592
10 512.046
12 475.682
14 433.922
16 417.205
18 403.472
20 383.031
22 364.217
24 353.494
2 1758.823
4 976.737
6 707.289
8 588.945
10 516.345
12 470.097
14 433.030
16 421.019
18 399.380
20 381.829
22 362.888
24 358.609
2 1772.257
4 976.080
6 706.421
8 584.931
10 520.757
12 456.642
14 438.402
16 411.876
18 399.839
20 384.604
22 364.633
24 574.010
2 1770.670
4 967.811
6 712.507
8 577.994
10 515.927
12 462.791
14 433.848
16 419.362
18 402.014
20 379.018
22 369.578
24 349.923
2 1768.733
4 962.403
6 724.685
8 582.286
10 507.519
12 459.056
14 439.938
16 418.115
18 394.292
20 387.163
22 362.036
24 351.472
2 1769.020
4 963.167
6 705.202
8 592.931
10 509.839
12 472.938
14 434.951
16 419.316
18 395.513
20 379.889
22 365.312
24 356.083
