2 4699.929
4 2391.795
6 1621.551
8 1262.665
10 1055.491
12 881.935
14 901.372
16 867.007
18 771.526
20 766.652
22 759.443
24 778.100
2 4697.609
4 2374.408
6 1618.908
8 1252.690
10 1061.002
12 907.343
14 902.395
16 866.679
18 797.776
20 767.045
22 756.614
24 778.081
2 4759.387
4 2385.800
6 1617.067
8 1295.931
10 1052.704
12 888.097
14 901.579
16 863.741
18 774.381
20 767.142
22 762.535
24 767.328
2 4686.074
4 2395.742
6 1622.804
8 1252.942
10 1061.155
12 899.976
14 903.450
16 866.176
18 765.273
20 768.181
22 761.694
24 763.803
2 4694.031
4 2393.020
6 1605.242
8 1257.449
10 1057.332
12 905.672
14 897.982
16 878.937
18 768.265
20 771.388
22 758.267
24 764.050
2 4694.216
4 2389.962
6 1663.991
8 1263.921
10 1052.409
12 921.406
14 899.038
16 863.288
18 767.841
20 777.097
22 759.795
24 896.032
2 4689.636
4 2402.766
6 1626.679
8 1260.353
10 1060.513
12 904.708
14 902.219
16 863.817
18 768.735
20 781.096
22 760.050
24 763.899
2 4691.839
4 2369.396
6 1606.092
8 1258.414
10 1055.713
12 916.049
14 903.554
16 885.060
18 769.851
20 766.869
22 768.732
24 761.744
2 4691.832
4 2392.579
6 1609.284
8 1259.695
10 1062.623
12 912.482
14 899.695
16 866.247
18 767.652
20 769.231
22 761.320
24 982.193
2 4693.291
4 2388.967
6 1636.500
8 1251.981
10 1051.457
12 915.395
14 902.106
16 866.173
18 768.884
20 769.900
22 758.076
24 762.849
