2 6811.454
4 3419.522
6 2301.641
8 1744.675
10 1413.599
12 1214.781
14 1185.051
16 1160.019
18 1187.858
20 1187.746
22 1165.794
24 1392.098
2 6778.480
4 3435.613
6 2284.348
8 1743.014
10 1408.458
12 1190.426
14 1170.220
16 1180.865
18 1142.585
20 1159.275
22 1157.035
24 1176.709
2 6764.468
4 3424.470
6 2304.730
8 1728.400
10 1417.368
12 1194.213
14 1170.594
16 1157.748
18 1172.797
20 1153.656
22 1175.620
24 1171.716
2 6789.092
4 3432.609
6 2293.846
8 1734.800
10 1410.694
12 1193.619
14 1176.989
16 1167.154
18 1152.634
20 1175.124
22 1184.163
24 1260.881
2 6780.595
4 3413.159
6 2289.486
8 1734.890
10 1411.440
12 1214.533
14 1176.373
16 1187.015
18 1128.210
20 1215.291
22 1140.521
24 1367.691
2 6821.478
4 3438.322
6 2298.109
8 1733.659
10 1403.512
12 1192.293
14 1176.908
16 1175.743
18 1152.304
20 1158.849
22 1161.556
24 1243.497
2 6805.459
4 3433.036
6 2305.849
8 1725.356
10 1407.971
12 1196.194
14 1157.092
16 1176.320
18 1170.827
20 1155.013
22 1169.552
24 1174.974
2 6808.421
4 3452.365
6 2298.448
8 1739.169
10 1400.997
12 1192.537
14 1171.971
16 1163.032
18 1163.647
20 1164.587
22 1192.907
24 1352.297
2 6746.921
4 3438.454
6 2284.300
8 1764.710
10 1400.477
12 1191.646
14 1174.588
16 1179.978
18 1176.859
20 1174.555
22 1153.939
24 1203.724
2 6798.477
4 3431.703
6 2301.089
8 1742.124
10 1405.092
12 1213.217
14 1181.290
16 1163.399
18 1184.984
20 1119.805
22 1157.654
24 1220.849
