2 1186.548
4 1167.051
6 1138.316
8 1137.881
10 1118.470
12 1116.624
14 1187.364
16 1306.806
18 1244.464
20 1441.620
22 1228.679
24 1315.393
2 1210.572
4 1150.813
6 1145.240
8 1128.807
10 1117.514
12 1093.560
14 1195.159
16 1303.345
18 1337.597
20 1341.514
22 1221.757
24 1423.815
2 1190.762
4 1153.024
6 1133.467
8 1129.846
10 1119.944
12 1087.005
14 1158.908
16 1172.699
18 1254.817
20 1333.428
22 1250.583
24 1442.478
2 1187.493
4 1167.680
6 1154.520
8 1130.175
10 1131.061
12 1106.465
14 1170.556
16 1259.894
18 1255.156
20 1326.721
22 1226.953
24 1250.258
2 1191.862
4 1161.930
6 1159.347
8 1129.202
10 1115.581
12 1100.654
14 1205.033
16 1308.297
18 1252.846
20 1333.911
22 1210.591
24 1244.050
2 1192.780
4 1170.064
6 1157.942
8 1136.603
10 1114.968
12 1133.293
14 1206.459
16 1246.840
18 1284.935
20 1337.919
22 1209.562
24 1358.730
2 1192.619
4 1173.123
6 1158.721
8 1130.176
10 1112.478
12 1098.234
14 1197.175
16 1191.808
18 1261.697
20 1338.061
22 1203.960
24 1244.048
2 1188.018
4 1170.955
6 1161.215
8 1142.302
10 1128.828
12 1150.078
14 1217.344
16 1239.129
18 1244.582
20 1331.152
22 1216.259
24 1248.644
2 1193.468
4 1174.648
6 1159.681
8 1151.101
10 1115.066
12 1127.808
14 1210.431
16 1236.935
18 1293.710
20 1339.252
22 1353.561
24 1206.575
2 1189.844
4 1154.616
6 1134.191
8 1130.857
10 1120.144
12 1090.423
14 1209.880
16 1277.040
18 1270.914
20 1336.568
22 1205.745
24 1310.800
