2 2463.566
4 1245.959
6 831.660
8 642.555
10 539.022
12 461.641
14 446.011
16 434.421
18 420.080
20 413.963
22 409.158
24 572.760
2 2458.940
4 1251.318
6 845.494
8 639.652
10 521.255
12 459.011
14 439.271
16 430.893
18 423.278
20 412.836
22 413.723
24 426.162
2 2459.137
4 1237.622
6 837.473
8 650.987
10 530.044
12 462.025
14 439.136
16 429.919
18 422.931
20 416.637
22 407.425
24 414.001
2 2459.620
4 1241.886
6 847.003
8 648.447
10 526.819
12 477.229
14 456.008
16 430.456
18 421.380
20 417.322
22 411.706
24 459.587
2 2463.261
4 1228.458
6 843.930
8 642.215
10 525.478
12 466.435
14 445.873
16 431.389
18 427.998
20 412.912
22 414.633
24 414.912
2 2463.530
4 1250.632
6 847.471
8 647.408
10 537.371
12 476.145
14 444.039
16 428.385
18 419.686
20 410.958
22 414.526
24 431.545
2 2445.193
4 1240.091
6 835.306
8 640.122
10 521.447
12 462.638
14 447.559
16 428.407
18 421.790
20 412.490
22 408.133
24 430.327
2 2460.191
4 1249.234
6 828.637
8 639.106
10 523.114
12 482.439
14 439.874
16 430.879
18 423.499
20 413.862
22 415.918
24 417.316
2 2455.640
4 1245.313
6 841.741
8 642.858
10 538.460
12 475.581
14 457.642
16 428.727
18 421.705
20 414.979
22 414.844
24 435.212
2 2460.668
4 1235.873
6 848.623
8 652.999
10 532.739
12 477.947
14 444.134
16 430.115
18 427.151
20 408.860
22 429.662
24 412.514
