2 6756.664
4 3771.663
6 2586.088
8 1990.216
10 1723.190
12 3134.165
14 4110.538
16 4914.293
18 5222.312
20 6007.411
22 6567.913
24 7456.771
2 6771.984
4 3775.071
6 2592.084
8 1977.870
10 1654.668
12 2962.550
14 4314.700
16 4678.550
18 5396.134
20 5990.616
22 6586.640
24 7008.264
2 6773.838
4 3734.111
6 2583.954
8 2000.976
10 1657.631
12 2880.589
14 4246.887
16 4770.368
18 5408.116
20 5753.907
22 6613.630
24 7357.898
2 6811.368
4 3754.541
6 2590.543
8 1994.780
10 1654.924
12 3013.465
14 4070.490
16 4950.251
18 5536.193
20 6083.985
22 6547.804
24 6950.135
2 6735.275
4 3761.426
6 2591.686
8 1991.323
10 1661.941
12 2590.229
14 4278.923
16 4782.838
18 5548.850
20 6134.693
22 6714.406
24 7255.790
2 6778.963
4 3793.117
6 2581.323
8 1982.681
10 1660.006
12 3152.458
14 4175.175
16 4791.695
18 5501.627
20 6139.229
22 6762.303
24 6950.933
2 6786.737
4 3781.796
6 2586.953
8 2002.975
10 1668.370
12 3064.398
14 4258.766
16 4933.529
18 5526.635
20 5995.021
22 6497.564
24 7066.734
2 6783.007
4 3736.311
6 2581.491
8 1985.588
10 1652.811
12 3153.703
14 4296.814
16 4861.747
18 5430.248
20 5770.453
22 6484.986
24 7077.155
2 6757.943
4 3762.025
6 2600.734
8 1984.351
10 1674.691
12 3357.503
14 4257.350
16 4896.936
18 5249.813
20 5985.540
22 6501.512
24 7356.690
2 6743.522
4 3781.712
6 2591.697
8 1980.520
10 1662.014
12 3283.753
14 4199.867
16 4689.252
18 5559.534
20 6069.532
22 6680.891
24 7072.068
