2 2526.595
4 1282.822
6 865.565
8 667.510
10 563.374
12 474.217
14 452.532
16 421.764
18 412.679
20 384.457
22 366.161
24 371.059
2 2522.716
4 1281.678
6 880.833
8 677.850
10 545.935
12 491.552
14 452.186
16 422.795
18 408.778
20 386.505
22 374.198
24 362.428
2 2518.575
4 1273.296
6 875.943
8 668.739
10 562.571
12 474.073
14 461.405
16 422.240
18 409.642
20 391.541
22 373.781
24 362.240
2 2519.936
4 1259.448
6 885.211
8 677.433
10 561.676
12 484.028
14 444.752
16 423.368
18 406.850
20 383.249
22 369.287
24 364.492
2 2512.817
4 1278.134
6 879.170
8 680.471
10 547.210
12 489.788
14 443.320
16 419.693
18 410.663
20 382.072
22 370.596
24 367.474
2 2523.209
4 1274.664
6 868.747
8 669.177
10 551.211
12 473.933
14 454.495
16 421.962
18 415.902
20 383.646
22 382.240
24 366.303
2 2525.309
4 1272.941
6 877.851
8 664.199
10 547.637
12 485.670
14 444.119
16 419.130
18 409.950
20 384.037
22 367.275
24 366.232
2 2530.135
4 1254.512
6 876.935
8 663.364
10 562.063
12 489.813
14 443.201
16 421.853
18 409.596
20 384.725
22 371.696
24 364.358
2 2526.630
4 1275.351
6 874.981
8 675.388
10 556.773
12 484.101
14 443.187
16 428.651
18 408.837
20 383.437
22 384.002
24 364.463
2 2529.951
4 1278.942
6 870.977
8 676.754
10 549.355
12 483.821
14 447.638
16 422.367
18 412.688
20 386.066
22 372.931
24 362.678
