2 1555.900
4 769.698
6 514.428
8 405.341
10 311.124
12 338.806
14 338.157
16 299.443
18 264.562
20 238.781
22 218.569
24 208.488
2 1537.631
4 798.144
6 521.872
8 398.783
10 324.442
12 264.037
14 337.642
16 299.433
18 263.632
20 239.355
22 219.689
24 202.371
2 1572.432
4 794.417
6 542.824
8 402.064
10 312.049
12 263.799
14 337.130
16 299.261
18 265.236
20 238.715
22 220.950
24 201.792
2 1537.544
4 810.786
6 540.583
8 407.015
10 338.279
12 262.402
14 338.102
16 303.086
18 263.975
20 240.018
22 218.494
24 206.430
2 1559.512
4 791.894
6 557.659
8 413.415
10 316.144
12 274.442
14 338.363
16 299.157
18 264.489
20 239.961
22 220.222
24 203.058
2 1536.183
4 788.365
6 539.944
8 413.719
10 311.192
12 314.787
14 337.562
16 298.993
18 264.092
20 239.420
22 217.765
24 395.978
2 1542.427
4 793.728
6 515.674
8 390.948
10 312.080
12 260.409
14 337.721
16 299.856
18 263.903
20 239.806
22 220.443
24 203.588
2 1557.590
4 796.350
6 515.849
8 389.379
10 364.765
12 261.227
14 336.610
16 299.164
18 264.153
20 242.234
22 217.859
24 200.451
2 1562.786
4 795.139
6 540.357
8 426.799
10 320.468
12 338.220
14 338.168
16 299.480
18 263.910
20 241.817
22 220.175
24 210.865
2 1534.165
4 794.587
6 542.500
8 399.361
10 329.596
12 280.530
14 336.490
16 299.057
18 267.853
20 239.911
22 217.896
24 203.161
