2 1610.944
4 819.463
6 546.612
8 420.042
10 352.420
12 298.386
14 295.607
16 261.197
18 251.873
20 224.466
22 224.755
24 266.526
2 1602.269
4 824.714
6 567.571
8 416.903
10 351.927
12 298.530
14 288.283
16 259.819
18 274.135
20 224.355
22 224.838
24 233.802
2 1596.466
4 815.387
6 567.911
8 422.715
10 354.156
12 299.838
14 291.499
16 257.066
18 251.603
20 226.225
22 223.933
24 227.536
2 1608.478
4 834.008
6 546.023
8 408.984
10 349.602
12 299.247
14 293.411
16 256.444
18 251.452
20 224.958
22 223.415
24 226.628
2 1601.720
4 815.647
6 546.173
8 417.846
10 348.787
12 299.981
14 288.563
16 257.012
18 251.679
20 224.518
22 224.069
24 225.788
2 1598.712
4 811.045
6 546.733
8 408.456
10 355.625
12 301.435
14 285.498
16 257.339
18 251.737
20 224.306
22 224.663
24 234.436
2 1597.250
4 819.983
6 565.261
8 411.733
10 351.613
12 298.508
14 285.490
16 261.025
18 251.397
20 224.202
22 223.637
24 234.328
2 1610.314
4 829.957
6 560.656
8 408.588
10 353.190
12 298.742
14 288.279
16 256.714
18 251.712
20 225.017
22 223.787
24 225.632
2 1597.111
4 833.730
6 563.874
8 416.742
10 349.882
12 308.979
14 288.080
16 257.077
18 250.040
20 226.802
22 224.321
24 303.037
2 1596.290
4 843.787
6 544.934
8 408.148
10 349.188
12 298.426
14 288.312
16 256.826
18 251.498
20 242.394
22 223.774
24 227.130
