2 1624.532
4 809.387
6 547.586
8 410.772
10 351.301
12 301.577
14 293.228
16 285.013
18 259.424
20 239.295
22 239.309
24 246.336
2 1614.715
4 822.627
6 571.796
8 423.215
10 352.248
12 307.030
14 291.691
16 269.956
18 262.694
20 238.379
22 239.661
24 246.617
2 1604.379
4 823.175
6 563.321
8 427.216
10 349.321
12 313.877
14 291.192
16 269.392
18 258.879
20 239.832
22 240.740
24 243.115
2 1600.965
4 822.410
6 563.384
8 431.528
10 350.819
12 303.819
14 293.129
16 268.625
18 259.003
20 239.198
22 239.831
24 242.834
2 1606.436
4 831.875
6 548.095
8 411.818
10 350.587
12 304.377
14 292.594
16 269.329
18 259.516
20 239.443
22 239.440
24 240.740
2 1615.910
4 823.475
6 562.904
8 431.166
10 350.497
12 301.635
14 293.236
16 268.904
18 259.731
20 238.359
22 239.233
24 244.474
2 1605.694
4 832.957
6 562.053
8 428.660
10 354.723
12 304.403
14 293.037
16 270.603
18 260.284
20 239.077
22 239.312
24 438.167
2 1602.430
4 826.783
6 551.716
8 419.216
10 358.355
12 305.138
14 295.783
16 268.405
18 267.692
20 238.746
22 239.857
24 252.834
2 1602.956
4 820.340
6 566.371
8 426.370
10 350.552
12 301.599
14 299.205
16 268.973
18 259.198
20 239.060
22 239.988
24 241.739
2 1610.285
4 830.794
6 559.472
8 425.803
10 351.349
12 308.109
14 294.172
16 269.985
18 258.259
20 239.097
22 240.783
24 247.976
