2 1687.222
4 962.146
6 663.026
8 488.187
10 408.302
12 782.649
14 1038.075
16 1181.824
18 1306.684
20 1520.189
22 1651.847
24 1794.201
2 1678.743
4 961.383
6 657.245
8 485.178
10 411.870
12 786.793
14 989.361
16 1184.852
18 1368.383
20 1527.804
22 1634.899
24 2456.783
2 1659.288
4 957.831
6 655.456
8 491.652
10 414.739
12 757.899
14 998.659
16 1146.610
18 1360.974
20 1455.802
22 1684.643
24 1800.772
2 1668.815
4 943.671
6 649.550
8 486.360
10 422.196
12 833.595
14 1049.181
16 1245.596
18 1360.045
20 1520.179
22 1665.101
24 1708.303
2 1672.051
4 957.128
6 638.042
8 486.762
10 407.450
12 829.272
14 1047.194
16 1193.200
18 1306.081
20 1517.394
22 1635.337
24 1810.070
2 1666.516
4 959.937
6 656.400
8 488.427
10 409.355
12 606.790
14 1062.451
16 1205.930
18 1337.415
20 1471.335
22 1577.143
24 1818.181
2 1674.895
4 952.267
6 657.168
8 487.361
10 417.278
12 790.134
14 1040.488
16 1193.610
18 1345.574
20 1456.043
22 1638.148
24 1796.679
2 1677.778
4 955.675
6 638.131
8 485.921
10 406.901
12 813.790
14 1037.260
16 1158.175
18 1272.732
20 1454.180
22 1674.431
24 1814.864
2 1678.512
4 961.308
6 649.361
8 485.705
10 412.647
12 785.919
14 1009.725
16 1201.984
18 1356.527
20 1547.185
22 1693.357
24 1786.315
2 1668.565
4 943.032
6 651.162
8 486.277
10 419.262
12 810.223
14 1055.282
16 1212.704
18 1295.363
20 1497.960
22 1598.919
24 1972.444
