2 1712.988
4 848.734
6 578.315
8 426.451
10 341.173
12 287.021
14 270.598
16 257.996
18 245.356
20 229.817
22 224.089
24 285.935
2 1696.980
4 862.091
6 559.018
8 426.352
10 341.755
12 286.430
14 270.711
16 258.467
18 243.982
20 237.605
22 224.634
24 215.572
2 1714.625
4 854.896
6 559.438
8 422.105
10 341.211
12 295.033
14 274.743
16 260.928
18 244.763
20 230.495
22 225.114
24 220.941
2 1704.523
4 843.578
6 559.075
8 425.389
10 343.483
12 298.612
14 270.603
16 256.892
18 244.793
20 229.621
22 223.659
24 235.209
2 1697.189
4 856.210
6 575.010
8 431.022
10 347.865
12 287.670
14 274.168
16 258.559
18 247.819
20 230.225
22 225.566
24 258.866
2 1714.814
4 857.960
6 576.768
8 443.762
10 341.729
12 286.750
14 270.074
16 258.238
18 243.785
20 230.326
22 223.978
24 214.063
2 1696.465
4 844.338
6 584.032
8 422.752
10 343.521
12 296.425
14 270.628
16 257.190
18 243.396
20 230.216
22 224.195
24 221.252
2 1697.269
4 863.636
6 560.146
8 422.849
10 340.760
12 286.299
14 281.074
16 257.990
18 244.920
20 229.998
22 224.855
24 212.633
2 1711.501
4 856.370
6 572.974
8 435.182
10 349.383
12 300.718
14 270.246
16 258.534
18 244.264
20 229.704
22 227.786
24 214.552
2 1706.953
4 838.492
6 564.884
8 426.547
10 343.954
12 286.433
14 273.295
16 260.161
18 245.896
20 233.658
22 223.994
24 212.563
