16 compute_pixel_naif -n -s 256 -i 100 -v 8 : 
Nb tuil
0.497
0.493
0.494
0.494
0.495
0.494
0.494
0.536
0.495
0.492
0.491
0.492
0.496
0.493
0.494
0.496
0.493
0.493
0.492
0.494
32 compute_pixel_naif -n -s 256 -i 100 -v 8 : 
0.517
0.517
0.518
0.517
0.517
0.516
0.517
0.519
0.518
0.518
0.517
0.519
0.523
0.517
0.516
0.517
0.519
0.516
0.518
0.514
16 compute_pixel_tuile -n -s 256 -i 100 -v 8 : 
0.530
0.530
0.531
0.532
0.530
0.531
0.531
0.530
0.532
0.529
0.532
0.531
0.531
0.529
0.528
0.534
0.527
0.531
0.531
0.530
32 compute_pixel_tuile -n -s 256 -i 100 -v 8 : 
0.540
0.537
0.536
0.536
0.538
0.537
0.539
0.536
0.537
0.539
0.552
0.538
0.537
0.538
0.537
0.537
0.538
0.535
0.534
0.534
