16 compute_pixel_naif -n -s 4096 -i 100 -v 8 : 
114.372
110.079
106.702
106.590
106.304
106.378
106.374
106.475
106.317
106.635
106.806
106.343
106.773
106.511
106.412
106.870
106.351
106.333
106.398
106.432
32 compute_pixel_naif -n -s 4096 -i 100 -v 8 : 
91.876
92.064
92.217
92.198
91.765
92.101
91.888
91.665
92.044
91.933
92.106
91.936
92.076
91.797
91.866
91.852
91.566
92.180
91.735
91.826
16 compute_pixel_tuile -n -s 4096 -i 100 -v 8 : 
125.171
119.352
115.686
115.877
116.021
115.640
115.887
116.129
115.852
116.090
115.647
116.035
115.375
115.482
115.502
115.668
116.006
115.582
115.650
115.432
32 compute_pixel_tuile -n -s 4096 -i 100 -v 8 : 
117.965
111.280
105.299
105.051
105.163
104.839
105.155
105.160
105.321
105.103
104.967
105.221
104.651
104.704
105.364
104.636
105.187
104.631
104.724
105.199
