16 compute_pixel_naif -n -s 256 -i 1000 -v 8 : 
4.750
4.749
4.744
4.748
4.749
4.747
4.745
4.752
4.747
4.752
4.754
4.750
4.752
4.749
4.752
4.748
4.745
4.752
4.744
4.756
32 compute_pixel_naif -n -s 256 -i 1000 -v 8 : 
4.961
4.709
4.716
4.705
4.709
4.708
4.712
4.705
4.705
4.710
4.711
4.774
4.715
4.710
4.710
4.706
4.706
4.705
4.714
4.711
16 compute_pixel_tuile -n -s 256 -i 1000 -v 8 : 
4.148
4.139
4.226
4.138
4.155
4.145
4.141
4.141
4.145
4.141
4.168
4.141
4.141
4.138
4.140
4.142
4.139
4.141
4.146
4.140
32 compute_pixel_tuile -n -s 256 -i 1000 -v 8 : 
4.211
4.201
4.205
4.200
4.211
4.208
4.208
4.200
4.202
4.203
4.204
4.211
4.214
4.205
4.210
4.212
4.213
4.206
4.204
4.203
