16 compute_pixel_naif -n -s 4096 -i 1000 -v 8 : 
1046.019
1044.430
1044.603
1044.887
1044.917
1044.957
1044.587
1045.351
1045.431
1045.252
1045.487
1045.588
1045.852
1045.874
1045.347
1045.849
1045.609
1045.298
1045.190
1046.021
32 compute_pixel_naif -n -s 4096 -i 1000 -v 8 : 
909.374
901.615
900.571
899.503
900.049
900.801
900.807
900.161
900.683
900.669
900.302
900.765
902.663
906.011
930.529
909.438
904.082
916.890
910.379
930.078
16 compute_pixel_tuile -n -s 4096 -i 1000 -v 8 : 
1139.412
1140.013
1140.200
1140.024
1140.413
1140.260
1140.018
1139.831
1140.725
1139.597
1139.597
1140.177
1139.715
1139.838
1140.211
1140.154
1139.850
1140.057
1141.075
1140.297
32 compute_pixel_tuile -n -s 4096 -i 1000 -v 8 : 
1054.321
1031.006
1031.023
1032.454
1032.386
1032.539
1032.676
1032.682
1032.277
1032.747
1032.718
1032.733
1032.336
1032.680
1032.436
1032.441
1032.883
1032.834
1032.235
1032.696
